53725
12033
23703
54172
9010
24212
11941
1930
1072
43415
31333
26002
40914
47970
9738
26442
25849
47917
9055
15416
9688
22281
50547
14052
22917
28005
26135
24188
41627
24437
1074
58726
20934
59427
48236
43707
57261
23863
37149
7239
26989
54460
35142
59622
51838
33710
14486
21603
13598
44680
12925
22866
32378
23122
24424
13460
10360
3391
42846
62804
11389
11346
64893
45163
21849
1980
28293
6199
22261
148
27756
19249
59968
3171
45912
47915
36506
50783
41794
44484
29880
4055
16368
57916
26277
52633
31230
21005
17462
62961
15160
27385
55939
17910
53534
31149
65224
37386
60103
41984
60554
26791
18119
31482
9006
9808
22637
12775
8460
19451
45287
50850
51892
9023
52431
44015
32066
19813
48673
53684
53531
9984
4328
56876
59686
23046
62130
49779
20857
37979
2889
51483
17428
64310
47567
28975
107
58647
36417
2616
54999
6009
52679
60679
29099
13460
50737
64512
60397
29846
